наименование;бренд;тип_химии;тип_формы;длина_мм;ширина_мм;высота_мм;емкость_Ач;напряжение_ном_В;напряжение_мин_В;напряжение_макс_В;макс_ток_разряда_А;макс_ток_заряда_А;мин_темп_разряда;макс_темп_разряда;масса_г;внутр_сопротивление_мОм;циклов;емкость_после_1000_циклов_%
Samsung INR18650-25R;Samsung;Li-Ion;C;65;18.3;18.3;2.5;3.6;2.5;4.2;20;4;-20;60;45;18;250;80
Samsung INR18650-30Q;Samsung;Li-Ion;C;65;18.3;18.3;3;3.6;2.5;4.2;15;4;-20;60;48;20;300;80
Samsung INR21700-40T;Samsung;Li-Ion;C;70.2;21.1;21.1;4;3.6;2.5;4.2;35;6;-20;60;68;12;250;80
Molicel INR21700-P42A;Molicel;Li-Ion;C;70.2;21.2;21.2;4.2;3.6;2.5;4.2;45;4.2;-40;60;70;10;500;80
Molicel INR21700-P45B;Molicel;Li-Ion;C;70.2;21.2;21.2;4.5;3.6;2.5;4.2;45;4.5;-40;60;70;10;500;80
LG INR18650-MJ1;LG;Li-Ion;C;65;18.3;18.3;3.5;3.6;2.5;4.2;10;3.4;-20;60;49;35;400;80
Sony Murata US18650VTC6;Sony Murata;Li-Ion;C;65;18.3;18.3;3;3.6;2.5;4.2;15;5;-20;60;47;13;300;80
EVE LF105;EVE;LiFePO4;P;130;37;200;105;3.2;2.5;3.65;105;52.5;-20;55;1980;0.5;3500;80
EVE LF280K;EVE;LiFePO4;P;173.7;72;207.2;280;3.2;2.5;3.65;280;140;-20;55;5420;0.25;6000;80
CATL 280Ah LiFePO4;CATL;LiFePO4;P;174;72;204;280;3.2;2.5;3.65;280;140;-20;55;5360;0.25;6000;80
Lishen 272Ah LiFePO4;Lishen;LiFePO4;P;174;72;200;272;3.2;2.5;3.65;272;136;-20;55;5220;0.25;4000;80
INR18650-20Ah-10A;Samsung;Li-Ion;C;65;18.3;18.3;2;3.6;2.5;4.2;10;2;-20;60;46;18;500;80
INR18650-26Ah-10A;Samsung;Li-Ion;C;65;18.3;18.3;2.6;3.6;2.5;4.2;10;2.6;-20;60;46;18;500;80
INR18650-29Ah-10A;Samsung;Li-Ion;C;65;18.3;18.3;2.9;3.6;2.5;4.2;10;2.9;-20;60;46;18;500;80
INR18650-32Ah-10A;Samsung;Li-Ion;C;65;18.3;18.3;3.2;3.6;2.5;4.2;10;3.2;-20;60;46;18;500;80
INR18650-35Ah-10A;Samsung;Li-Ion;C;65;18.3;18.3;3.5;3.6;2.5;4.2;10;3.5;-20;60;46;18;500;80
INR21700-30Ah-10A;Samsung;Li-Ion;C;70.2;21.1;21.1;3;3.6;2.5;4.2;10;3;-20;60;69;14;500;80
INR21700-42Ah-10A;Samsung;Li-Ion;C;70.2;21.1;21.1;4.2;3.6;2.5;4.2;10;4.2;-20;60;69;14;500;80
INR21700-45Ah-10A;Samsung;Li-Ion;C;70.2;21.1;21.1;4.5;3.6;2.5;4.2;10;4.5;-20;60;69;14;500;80
INR21700-48Ah-10A;Samsung;Li-Ion;C;70.2;21.1;21.1;4.8;3.6;2.5;4.2;10;4.8;-20;60;69;14;500;80
INR21700-50Ah-10A;Samsung;Li-Ion;C;70.2;21.1;21.1;5;3.6;2.5;4.2;10;5;-20;60;69;14;500;80
INR18650-22Ah-10A;LG;Li-Ion;C;65;18.3;18.3;2.2;3.6;2.5;4.2;10;2.2;-20;60;48;22;500;80
INR18650-26Ah-10A;LG;Li-Ion;C;65;18.3;18.3;2.6;3.6;2.5;4.2;10;2.6;-20;60;48;22;500;80
INR18650-29Ah-10A;LG;Li-Ion;C;65;18.3;18.3;2.9;3.6;2.5;4.2;10;2.9;-20;60;48;22;500;80
INR18650-30Ah-10A;LG;Li-Ion;C;65;18.3;18.3;3;3.6;2.5;4.2;10;3;-20;60;48;22;500;80
INR18650-32Ah-10A;LG;Li-Ion;C;65;18.3;18.3;3.2;3.6;2.5;4.2;10;3.2;-20;60;48;22;500;80
INR21700-40Ah-10A;LG;Li-Ion;C;70;21.1;21.1;4;3.6;2.5;4.2;10;4;-20;60;68;18;500;80
INR21700-45Ah-10A;LG;Li-Ion;C;70;21.1;21.1;4.5;3.6;2.5;4.2;10;4.5;-20;60;68;18;500;80
INR21700-48Ah-10A;LG;Li-Ion;C;70;21.1;21.1;4.8;3.6;2.5;4.2;10;4.8;-20;60;68;18;500;80
INR21700-50Ah-10A;LG;Li-Ion;C;70;21.1;21.1;5;3.6;2.5;4.2;10;5;-20;60;68;18;500;80
INR18650-26Ah-25A;Molicel;Li-Ion;C;65;18.4;18.4;2.6;3.6;2.5;4.2;25;2.6;-20;60;47;13;500;80
INR18650-28Ah-25A;Molicel;Li-Ion;C;65;18.4;18.4;2.8;3.6;2.5;4.2;25;2.8;-20;60;47;13;500;80
INR18650-30Ah-25A;Molicel;Li-Ion;C;65;18.4;18.4;3;3.6;2.5;4.2;25;3;-20;60;47;13;500;80
INR21700-50Ah-35A;Molicel;Li-Ion;C;70.2;21.2;21.2;5;3.6;2.5;4.2;35;5;-20;60;70;10;500;80
US18650-21Ah-15A;Sony Murata;Li-Ion;C;65;18.3;18.3;2.1;3.6;2.5;4.2;15;2.1;-20;60;47;13;500;80
US18650-25Ah-15A;Sony Murata;Li-Ion;C;65;18.3;18.3;2.5;3.6;2.5;4.2;15;2.5;-20;60;47;13;500;80
US18650-26Ah-15A;Sony Murata;Li-Ion;C;65;18.3;18.3;2.6;3.6;2.5;4.2;15;2.6;-20;60;47;13;500;80
NCR18650-29Ah-5A;Panasonic;Li-Ion;C;65;18.3;18.3;2.9;3.6;2.5;4.2;5;2.9;-20;60;48;35;500;80
NCR18650-32Ah-5A;Panasonic;Li-Ion;C;65;18.3;18.3;3.2;3.6;2.5;4.2;5;3.2;-20;60;48;35;500;80
NCR18650-34Ah-5A;Panasonic;Li-Ion;C;65;18.3;18.3;3.4;3.6;2.5;4.2;5;3.4;-20;60;48;35;500;80
NCR18650-35Ah-5A;Panasonic;Li-Ion;C;65;18.3;18.3;3.5;3.6;2.5;4.2;5;3.5;-20;60;48;35;500;80
LF-50Ah-50A;EVE;LiFePO4;P;174;72;205;50;3.2;2.5;3.65;50;50;-20;55;1080;0.5;4000;80
LF-90Ah-50A;EVE;LiFePO4;P;174;72;205;90;3.2;2.5;3.65;50;50;-20;55;1598.68;0.5;4000;80
LF-105Ah-50A;EVE;LiFePO4;P;174;72;205;105;3.2;2.5;3.65;50;50;-20;55;1865.13;0.5;4000;80
LF-150Ah-50A;EVE;LiFePO4;P;174;72;205;150;3.2;2.5;3.65;50;50;-20;55;2664.47;0.5;4000;80
LF-230Ah-50A;EVE;LiFePO4;P;174;72;205;230;3.2;2.5;3.65;50;50;-20;55;4085.53;0.5;4000;80
LF-280Ah-50A;EVE;LiFePO4;P;174;72;205;280;3.2;2.5;3.65;50;50;-20;55;4973.68;0.5;4000;80
LF-304Ah-50A;EVE;LiFePO4;P;174;72;205;304;3.2;2.5;3.65;50;50;-20;55;5400;0.5;4000;80
