наименование;бренд;тип_химии;тип_формы;длина_мм;ширина_мм;высота_мм;емкость_Ач;напряжение_ном_В;напряжение_мин_В;напряжение_макс_В;макс_ток_разряда_А;макс_ток_заряда_А;мин_темп_разряда;макс_темп_разряда;масса_г;внутр_сопротивление_мОм;циклов;емкость_после_1000_циклов_%
Samsung INR21700-50E;Samsung;Li-Ion;C;70.2;21.1;21.1;4.9;3.6;2.5;4.2;9.8;4.9;-20;60;70;20;1000;85
LIR32135;Gotion;LiFePO4;C;32;32;135;15;3.2;2.8;3.65;45;3;-30;60;283;2;2000;95
NCM811;Gotion;NCM811;P;148;27;101;55;3.65;3.55;4.3;440;10;-20;50;890;1;1000;93
LF50Ah;EVE;LiFePO4;P;26.7;148.3;129.8;50;3.2;2.8;3.65;50;50;-35;65;1.04;0.7;4000;90
...;Gotion;LiFePO4;P;27;148;110;55;3.2;2.5;3.65;55;55;-20;55;0.98;0.95;2000;90
LFP52;Gotion;LiFePO4;P;28;148;118;52;2.5;3.2;3.65;52;26;-20;55;0.96;0.8;2000;90
LISHEN-LFP51;LISHEN;LiFePO4;P;27;148;95;51;2.5;3.2;3.65;51;25.5;-20;55;0.85;0.85;2000;
XH-3232;EVE;LiFePO4;P;27;148;94;32;3.2;2.5;3.65;64;32;-35;65;0.74;0.8;3500;90
XIHO5000;Gotion;LiFePO4;P;21.3;100.5;141;27;3.2;2.5;3.65;27;27;-35;65;0.62;0.9;5000;90
EFP27148130;ETP Lixin Geely;LiFePO4;P;27;148;130;40;3.2;2.5;3.65;40;20;45;-20;1.08;0.8;2000;90
LP2770134-20Ah;Lishen;LiFePO4;P;27;70;134;20;3.2;2.5;3.65;20;10;-20;55;0.494;6;1500;90
LiFePO4 Cell;EVE;LiFePO4;P;130;37;210;105;3.2;2.5;3.65;500;50;-20;55;2.05;;2500;98
LFP-32140-15Ah-LY;LY;LiFePO4;C;33.2;33.2;140;15;3.2;2.5;3.65;17;7.5;55;-20;0.29;3;2000;90
IFR32140;CBAK;LiFePO4;C;33.2;33.2;140;15;3.2;2.5;3.65;45;7.5;-20;55;0.28;2.5;2000;90
